2157906
1267815
2981394
527195
3163833
867990
494509
1396991
4031076
203152
3362109
1219647
8922
3482008
577975
3509989
2189538
3520278
368891
407163
2002092
95588
4143869
3676569
1519433
1184289
3776665
1499192
2206593
2483411
2910909
170195
3751226
1697999
697390
2720755
2565989
1191899
4117747
2402761
1395051
3285552
3622408
1403973
2573256
6079
719658
568491
3526357
1088549
975654
1334146
1184138
925220
816411
2703571
2109509
398772
8459
121798
2882183
2919369
291993
2439105
423064
989383
965557
2989054
2181282
889000
1197511
3576333
4174552
625616
786002
2553505
631695
1505660
3121996
4158053
2594209
4097650
1297895
3778347
828566
2114306
2287615
2938075
2513079
2296074
3059873
1200958
1021139
3351866
3640064
1444204
146945
411317
238954
2328227
1300317
1436465
1710256
1280565
2062081
2496258
3834070
2693777
4001918
2761762
2657526
2401824
2665109
3955421
1985867
3493675
1875423
79178
2237447
194198
2375253
1103016
1395157
3396392
260579
840917
646292
407524
1252234
885246
2735752
2552551
2321712
251704
3833116
189489
2747963
3472883
2883266
2555577
2040341
1346488
763097
511146
1107605
2748965
4004822
2983029
2828143
2047965
3177227
1009092
3150981
378080
211181
3411560
1218997
857473
3819085
2471231
1742720
2360533
829478
4064432
2612237
468291
59617
1165896
3941174
2942884
3721474
1787211
95068
290267
2298358
1202674
3039232
2108876
4185703
1673072
4156841
3168626
2682164
3113518
3546707
2893345
2330775
571400
3750819
1955556
3042632
1299235
121785
3872110
1169363
2734022
146097
1228980
3899919
4087271
4171864
3427089
1680179
72629
3717356
3978537
1275303
2562285
1893109
1266702
41053
1855646
241024
2723217
774860
3787731
1422259
3105635
164828
978774
866887
3207460
2278009
988672
2885266
3447372
3722695
3031364
482048
3428310
2924331
459609
2661095
410206
532238
2184147
194439
1807541
552128
2087548
3074243
593181
3943194
3315267
3316399
523751
2908695
544354
3629386
3073523
1523128
301970
2086679
3801137
1290642
777641
3054205
819033
3809005
3536253
53039
2539033
3995862
2714134
2949239
333796
703978
3143679
2141337
1256106
1036923
1021276
1849288
785814
142240
971383
1309565
3050935
1515737
744647
1930154
3038865
1046617
4016833
2645698
2337260
600170
1505599
3156293
214872
847548
3209333
2753905
649107
1729163
1508840
982903
2433141
458215
3124241
3689248
1495139
4145517
1344232
2280953
93453
2315615
3590518
3144388
3831352
140861
880238
2675913
1187479
702767
1127307
3524739
1302938
2632906
2486728
1517810
3480454
1501757
77411
4129561
3230921
1586251
918161
1469758
2044467
4042402
964702
3539606
3993615
2308934
1626255
4087069
430245
1022469
3037153
67293
1163330
3917392
2743206
2350809
425855
3870513
1681244
1728793
2309115
4167973
3246603
1595266
1475426
3324014
1530523
512043
715962
2448684
1981802
2760429
2296782
2946504
2105731
2096094
1061135
3731986
1988859
1491380
560151
831708
1558674
1723481
554796
107576
4074291
980652
3978090
1561231
2709445
2092901
1534900
1761745
3688167
3010327
891455
1024387
3522370
1607417
3473071
1309868
173542
1575550
62069
2279273
3671644
1123204
1816955
1466199
2614584
2377106
2297907
4173258
4100588
2852704
86531
3980575
3833356
4064621
1347502
2348497
1963218
2882403
4110242
1457082
1698426
807394
2481469
1026492
2414811
1760236
2336361
2588354
3335786
2398430
673323
2813126
3521634
2490279
85021
1941914
673081
2382929
1920869
579365
1041329
2007400
365636
680381
1877717
1713139
3028878
3840935
401238
2944817
1103713
2099664
3752211
3585182
3126156
1972718
1151115
1268213
366768
292597
3666643
1040092
3105724
2993973
3530371
3190745
741584
9148
1379370
2662453
588514
2420699
475549
954150
3101080
2353266
2667289
1935655
1999897
3068527
686168
3103611
973887
244075
2494489
4100044
2216793
3645604
1173953
2583562
3938202
646293
3623654
2849622
3640266
2959721
1846063
187546
2968869
3225434
2849999
3557383
1451829
3325548
317230
358606
1484510
2984519
2294261
3484408
1858743
2980429
2393715
2832630
3224504
693900
2738370
1246993
145201
3912324
3830555
4083403
364313
3259905
2738721
4004579
2025322
390480
4192126
799888
3615914
2847821
162967
873440
1979066
480197
1232046
3463576
3464717
3526307
2753680
1129156
2312432
953091
3961786
1342632
1646992
2505853
2589625
1792193
2223873
2225877
1681292
2588186
1291478
225709
2398461
3316801
616189
2396283
4116689
37800
1049801
85352
911240
3028867
565550
2143286
2298139
4030267
1475289
857516
965119
3787721
1810607
732601
936049
3457599
3238454
3525674
1055488
1268023
1557247
2736780
3856209
2848726
2962489
2060367
1971223
3578679
262346
1893608
3616479
1312147
1978960
333415
146710
2544510
2476701
2444850
2380473
3951990
3302366
3345592
3545407
918669
4078194
287152
181965
3122344
3812826
1237453
196064
1175770
3974234
4052273
4024496
2742419
1918336
1801415
2126794
2180683
3695023
1548969
3492830
1479679
1882384
3639541
4024190
164781
1890087
2210359
4116771
998149
1361648
3467874
1916818
1245538
3755026
2098783
173578
3373549
3336237
369642
355015
3116167
227612
185207
1664282
2145948
1986622
3791077
132327
1487341
1145742
3625158
2967020
3028127
3070395
2796906
3192908
766178
812962
3115376
1764327
2174610
2388946
3681145
3420148
1949669
1585625
3593726
1128914
727558
3963369
1483929
3843725
4190981
1669136
1313703
2142625
3655758
910476
2274953
948795
2056219
1705807
3915815
890042
581898
2518418
4082950
1348076
3331380
3004022
3112403
1311686
1198665
2599244
537530
3148334
4184869
4131256
82944
718123
3900321
1566873
367544
3896998
3236009
1681248
1845320
2697463
2591724
4120273
3646258
453639
1631776
3367769
1343681
2213674
1691883
1232328
3561750
828959
42046
2479849
2140645
1240711
884789
2678175
194741
875355
2615128
277685
1593478
2321145
1844558
1961023
2023840
886263
3642271
3869160
3583726
2039691
3795129
3035680
2493331
1232601
2209146
3837012
3446275
3901029
875036
2813721
535685
917083
1099266
2676330
2157794
1984055
1160202
2352536
2859410
3775330
2630221
258585
1902171
280476
2219608
3926011
1166739
1667575
3600867
556162
3707266
3201692
3591842
2006293
239989
1606684
1649002
3686264
1313410
2524038
2305681
1849095
3441121
3404947
331121
1404612
1194699
1491323
3757148
4054109
1072349
2193065
118390
2974521
2473541
2337998
2706228
3640281
4005573
2112792
2139
3518536
1120180
3593981
1330525
1360170
1006362
2979527
852130
2319772
1309262
3157812
4168867
556079
2368455
305684
1960691
3563154
1797008
1523535
3422960
2869357
3716601
3541350
1649574
1995838
1685045
161499
1441815
1496314
2274291
1443954
820546
3394471
843632
2151072
560337
1849994
936295
1412468
4169766
2245557
375976
4144329
2801637
2744431
255709
568024
2113282
2052717
2091560
1341938
727771
1613857
688984
2377345
3609695
2374029
2538844
857207
3870344
618831
2301161
496586
4013303
3144793
2647658
379336
800483
3583954
1791804
775945
1635207
2167780
725970
242540
717908
981680
810565
2831190
3034397
2902125
4173128
3762168
321678
667808
1945210
3931373
3041838
289750
594276
2717878
908582
2895438
3214464
727581
1845927
1667819
1106917
2646411
1057469
2898722
3422356
2692676
872198
4148327
2935217
1590106
935703
3745782
226992
3970100
2453603
205816
3537965
2775281
873625
1288871
2512350
3915463
1578621
3106627
2439037
2487203
1807761
1459197
3214784
3653688
3127016
127398
2105795
4184485
3026120
1333848
2682858
3898318
1287871
1423771
1294121
2223574
975249
1521113
1999370
3428852
1726930
1343031
2009829
2600555
2631902
327875
2321714
16220
3434502
566447
2503423
1047959
2025644
1523904
507344
958357
1651302
2613139
948538
483118
3946987
3631396
187132
1040554
860863
1481253
3264128
1836112
3002367
1069195
1070660
534993
2412226
3080489
3135548
849825
3408365
1262958
866045
2648563
1829405
3369468
3696523
3855049
699068
9563
619102
2350370
2622702
1567641
2833488
2375386
1004733
3020621
3415940
1865597
