3655061
1892230
3948880
3550827
1685864
1274498
3816035
3669958
2929385
499638
1591426
2602805
1634274
1561560
2058505
3179956
3474907
2035189
4155271
738132
1097632
3096435
1635510
2077358
2292113
104170
3962503
1099549
2632994
1616268
888016
2093751
3508499
642593
1450274
1000059
1917091
1072005
475713
652173
1571643
2067139
3254978
3205917
3628700
1119179
2191569
2909303
3154368
2152537
3647435
57697
1054668
1088641
2135055
3346782
1192811
1903254
252027
3825805
3519523
1140044
1725253
2833718
1782637
3175527
3833777
3699728
53229
115186
157597
1624872
2182326
3412575
636486
1616722
337450
2828055
331721
3491819
786288
3979156
3549516
1840957
873493
1490267
993435
2066305
3393521
1245462
1697806
2718740
2385506
3423059
1358154
4168143
2404283
997627
3673568
2457512
1112814
3831165
4082384
3295140
3049437
524566
717558
3386887
3352622
1049279
2684402
4138910
834131
2039614
1785563
1707624
3529881
2778998
3773929
2729099
4024461
1277432
1253535
2215663
506187
2611690
2189503
2910470
3609317
1668767
1173678
527827
1305628
1061759
3822967
160761
1586325
346221
3547649
744643
1395500
2037747
689250
2229631
4077362
2474813
3937256
3412939
1059508
3516881
1947734
889665
600009
3201270
3105328
1106197
1618656
1100527
4016667
1033669
2769294
996042
1561497
4074923
2057801
1190160
41380
3644126
1536382
3589029
194466
2931882
1432473
883716
967210
1315531
3358529
710162
534166
223733
32739
2481901
1113398
632749
1488867
24423
1738946
3107523
1124950
1561309
4141192
3894245
2557351
1508385
3774864
420848
2698546
3816244
4064975
40624
3210970
65137
2972506
449139
948853
3939716
1764670
113078
455574
2298836
336812
488314
586433
1450210
1121063
2075300
1474633
2860009
988519
2599584
227014
935408
2299525
2784366
2443793
1880085
3205214
948035
1502025
3075885
988659
518691
3141022
3961166
967830
4089875
3706578
2732500
8650
4162153
837033
345462
456163
1423466
1795672
1577226
3498767
3270306
242931
292982
1675586
469945
1228390
3975111
3254311
3672184
1660892
2265222
425915
3162917
1146803
1414575
3681609
93522
1181437
455135
4183397
693711
3187636
4192047
661560
4024669
343205
1117723
1253831
2138878
2694949
558294
1214880
2937880
851277
2890466
3407826
2079667
2671273
2467833
1557547
137861
538751
1983463
3300778
1685555
3398038
2788083
1779077
385171
3243219
1768170
1078882
2236551
1765914
1740443
2066916
2109119
2858166
3320747
53693
1358812
3879042
1268573
102388
536015
4159039
3510214
2615682
2636008
1783744
4173230
2773869
2322495
1962389
1880344
4008050
1166123
474123
1592823
1551294
3717342
3360994
2630176
1759589
932604
176315
3826505
3041723
3034482
2952949
3095417
198990
2637687
169686
301378
3173702
134422
3811593
1595080
2770430
1401033
1574006
1349996
3723528
3536395
3230340
3537275
508214
3704463
935794
2059508
3227502
102484
495381
792787
1035088
671696
424989
4076812
3706178
3377938
2977925
3905168
1821321
3147611
12243
800719
3282033
3823836
2395799
1858160
1030565
3969806
3208156
559789
3311897
2244192
4097064
3820112
1754351
838555
1685316
787549
941039
2180697
1580337
1976128
2852394
2005326
1858636
2364268
1188960
642257
2075133
3010281
3789868
2087376
3811000
2877598
1716908
2012495
541454
2747473
1787997
3749610
3307262
905591
1799498
3210023
531399
3553849
4048578
2216715
147095
795313
203109
1727432
2771441
3055503
3732758
435773
1225467
727414
1078030
3300600
3737695
673595
1193672
3354391
3551193
2910580
1172582
4092647
1463749
2960580
3647953
576708
3866171
1253147
3786731
203266
612692
3641005
2419981
759787
242014
2623090
2487219
3013456
1484289
2025673
3449229
2709757
2753087
332956
1816053
2296478
1006551
3009726
1456565
363440
1726002
2629148
261783
3189752
1395424
3909736
3766460
1067291
968579
3358887
1270557
1581271
2805588
3690538
2341059
3047602
2119325
633974
1866754
3603614
2659648
1121680
2119067
1218431
1454636
3935121
3514910
2461187
2750543
777171
2824627
282241
3406319
3086410
3471993
607439
2801842
3044149
1674730
3770421
2208732
2945287
1157388
820016
2441522
3498447
3867619
366543
4132422
1540069
3970157
2597766
2661749
1894921
3816197
4116385
1635738
3136803
2383268
191977
3913975
1013591
474218
3125990
4100001
3946212
3733430
2707539
2796057
1213856
2283656
810486
4159144
3441045
1630502
2406362
2745188
1303817
2772905
2683306
2843887
2548758
1086768
1311332
249375
708662
1233414
1885113
3845465
3616682
2077090
3565136
435970
2551309
2496823
341667
2303217
2035949
3049207
904970
3249805
1138559
1715456
3214645
385300
3345959
1426703
3130489
455472
5304
1619491
3299359
2554063
2706260
416388
2803438
3414922
1649802
494248
3066083
1072180
2571338
2436916
1508150
928343
739435
1849818
3231560
2775384
704721
4136531
1830885
1843280
1657683
851227
2228581
809338
2277930
1164766
1264811
2283235
2784257
369866
642994
1296213
786254
3446432
516831
2436056
3940680
3582915
3508237
2317715
1825527
822083
3246058
2564962
2671901
2283315
1146042
3376622
2225542
2976927
1025599
3883225
3828154
3254180
498260
1911781
224642
1763071
712
3008899
2132937
643706
110809
2919192
4090138
627640
1160944
3836515
16251
474877
1959926
1841778
1296961
1011680
212436
3968862
3294995
1358478
3151181
1326233
141102
4176780
1015155
3969256
3236656
1513415
1686733
3461298
3276486
1687445
2275893
1215119
2331151
2386702
4134311
2226986
3014343
1100952
1869197
3030594
1575829
3829123
678069
2872790
646499
890505
2647349
3941495
2248984
1604226
1073424
2390086
1586702
2088579
2165038
629054
3601994
3851772
4090352
2684176
1344913
2171941
3899296
3676065
364340
3839303
1708747
3378683
745951
3577944
2214973
2321781
3212763
2893042
1000267
3859262
3783548
3647616
3606453
1838228
1057538
485574
34010
2644240
2574153
2199048
3273294
1981844
1856516
3169342
471716
3201430
1146980
176708
2683191
1511320
4016012
197634
695699
567659
3775578
2910672
2889440
2794037
1609411
3889708
2458995
1198655
3343020
1871145
3036883
206255
2356719
3070893
2850495
736568
1075637
1929486
2718412
2932154
904524
3190129
1939280
2051504
3366837
428167
3562824
3188545
625801
64219
3756205
207075
2974892
2451341
3001112
389999
2146745
1265803
1588654
1295462
3136948
431233
1501717
1299363
3502126
157908
2035932
383459
2087394
560040
3315613
2991919
3750169
1060589
849119
2922703
1488756
217640
1916944
2114557
281859
1478845
2321632
3256751
3930187
1128440
3646750
1882628
2394244
1041100
3178090
1336888
1472333
485503
2636252
780155
643412
477880
1163615
2730806
1037920
284924
1528421
593786
1345514
2377541
3516489
2834270
2595181
1239129
754524
2877040
2717975
3076156
1939488
2453858
10293
1391934
142182
2404537
2433035
3320273
3741425
3905368
3805776
2183373
491220
254884
2661253
1654835
2985691
3699174
1939759
319808
98656
3285273
2697349
3615145
1925240
1098226
659970
2679764
3975267
3377945
1561616
1720451
1637499
1571909
3112385
1779682
3976446
1351116
905651
3523568
1062181
517123
1512637
1553401
772008
4173891
3208236
3757699
3678761
953691
4077507
3777417
44661
2580553
3198258
1969901
3678779
3858228
455361
3459742
3041870
2016977
985889
485065
3588887
4098275
2264747
3371029
1255087
3170398
2700293
2317268
3687522
18627
3870669
265226
4192518
2884601
4022925
3676975
3838293
3906128
3260088
3882954
2292377
2264042
1658551
1776853
1927966
2113912
1042291
775532
4130889
2028181
1260598
3525472
1932152
3525345
2702198
3187239
2501440
1208187
1310204
1994658
1226814
986569
2259884
1225028
3871171
2088505
707699
3515160
1800329
3967787
3203810
4092707
2037525
668057
1675256
3965492
2781969
2717547
546720
2718554
551424
1807318
2049723
2483576
1138360
557617
1476512
3639800
1765804
2786716
1440154
2992619
3773285
3700038
23343
3450152
1594239
731043
2771008
3394568
504526
1780514
3292971
2542052
2448571
773923
2313240
1036236
3491471
2859960
3754791
4042895
472975
1610210
2332168
1611335
2167827
3808680
1056831
3933631
2401092
2496985
2731946
1980073
2002719
2755290
1235922
3596958
3486333
4006930
2797222
3990859
1593141
1895890
2338607
4041712
2669813
457543
883645
1966980
3317504
444132
1815572
3790479
2054342
4147740
1207510
27865
3762116
2264341
3961496
1968904
567022
2499139
3948977
2569741
1060125
990595
1972395
352154
803222
575313
148709
2396363
2471203
2487317
2243771
946713
2944860
3127416
2913693
2068060
3571548
534961
1664235
1431586
488397
2871745
1459451
56209
941782
1226644
2025113
1508804
3725783
1779787
4078545
591604
2770382
1856636
943758
3573604
2431950
1092467
1775663
708849
3579784
4019435
1655562
2330341
2952547
374952
204097
2329792
909913
1868333
3761378
1398311
545774
1026526
1454520
1487557
2253170
3479634
2996361
1784649
1065117
2880603
2376253
3835499
542935
3320011
3214800
2974885
218174
796159
3683735
3797959
621290
1144993
1933996
3573838
1519945
2138093
1709326
2429859
4006426
1276400
3828170
357897
2302926
1088386
1845454
361792
373716
647511
2146441
1438833
3528114
328390
1080029
4071050
3648401
100525
2851631
3866576
896684
2341062
3470231
1517975
3486056
1209923
897509
811697
3348016
2606835
3241556
3160139
3883235
2875422
3518036
1991858
3963809
1169186
2353650
143221
1816697
305788
1582055
1150508
634178
2662084
1027254
88276
2762609
3878885
3954852
3659293
2025644
3230779
982964
1317396
246398
1880473
2129093
3594414
293004
1176346
2560249
4176240
4051768
1883981
1973794
3821273
3053167
133140
3964495
675561
438928
1352246
1826069
1073107
4014330
2853323
1161383
2582635
2537904
921931
2047624
369244
4152710
3030589
1686640
204804
716758
3815734
3799218
1009763
797776
2165164
991699
655240
4049145
2965493
282210
2908009
3098633
52401
3583570
3537562
1404647
1215335
416365
1224673
4068658
1577748
3807308
2412258
2499679
1660628
2781503
2458085
496913
273839
2662889
1213672
4089573
2267803
2223435
693045
238663
3215134
1348286
93505
1986323
1630496
3001514
890652
1682897
2390780
233910
3087544
3606115
650275
117913
3480469
2228023
3925221
1698423
533398
1391545
285622
2991483
1888459
559462
1460068
3102131
454731
3727872
1131262
1147777
3966535
152092
2496063
4060040
2138415
4126559
2867250
3029067
1615152
1063726
3262978
508392
475537
3913253
626305
3956006
1946973
357222
1460126
2480371
1748767
1745748
1277551
3637226
2305210
2737619
2545053
2759942
2271187
3676315
3907719
2043419
3828407
2209478
1909155
1772518
2141733
582102
607282
3756885
1645828
3870260
70973
2121366
3589209
697278
1883068
1341878
1054500
3343194
3822250
2803267
894639
905497
2246190
3199849
3643116
596939
1765487
1720000
78951
1478902
3763419
3907358
3688380
1478270
1485573
1635809
2060372
2092855
1198390
3706201
1768811
1269363
1633263
1163716
1966641
3516331
2505595
3021141
2665222
2133541
1630105
3559861
3039038
3876295
2565406
2487850
278930
136590
13546
357881
1615492
3776965
70936
1109569
1060932
1556509
2745378
3121304
3649364
3943769
2633201
1223871
1018828
72160
2387587
2985470
3588492
698878
1812307
2059410
2832419
3442412
1424967
1677153
3124403
3990373
4165004
3403334
4126963
4178550
3761215
1548152
3761212
3832151
2657721
627840
1194356
1208795
3749144
649416
958260
2188042
1873287
1977089
2260202
66571
768255
1654390
765449
2580562
3713800
3597869
1828671
944463
1080718
758770
740533
1051418
4162104
673192
1035665
3729016
2221344
602573
3366863
684761
1230413
366916
1893557
785253
1016332
2851817
2973295
2889620
634602
1039194
2956191
1402857
2693584
3721640
3983420
2213081
3125205
1617787
3157544
11620
2376557
3898077
1063038
2344358
376966
2098703
1879070
2598310
2701276
1051629
3283072
3931689
1418545
982325
522639
2434878
3834142
3495934
1130194
274441
340824
4086385
1677298
3034409
3613721
1466414
1053186
2544623
3084201
16426
2556243
1266455
3914504
3619281
3610813
97166
1523681
1295579
2695476
30653
2347208
1784244
3962343
3765754
2766569
290678
2006328
2406408
3786612
3136522
2680849
4127437
3028603
163843
2967542
2448020
1630258
4020728
798339
520155
4037154
3354582
1786610
3757354
2779560
1203119
3854520
108937
2498698
2355693
139590
651603
4139937
4101933
223053
2712203
198307
2229381
924307
3984920
1171599
3605156
3918053
5898
3768999
2691291
2453918
1204953
2517715
3252258
1725109
2360565
2412536
3511719
1923616
997792
520535
1583832
1106729
3019233
3939525
1246320
3670836
3885159
1153949
3893889
2403058
1352257
1928966
3327365
1142873
3100565
2738217
866622
3106463
2312912
3557913
1366078
3517866
1881324
424032
1048671
47585
2836568
366086
1971201
3834361
886621
3555034
746786
3905855
3300255
1993106
3382387
2991110
3147056
3081973
1199864
305009
816635
332925
1447882
3917201
3071142
2314504
2829360
1189751
1678113
1134
513313
3559437
425166
1561984
3607022
3261735
1928070
1383920
2901792
2814692
744650
3648578
2526243
4044905
1447381
1714326
2841712
400133
601995
4041576
705142
1418631
180198
2153024
1141528
3251340
273224
3970888
246787
1951337
3972023
760100
1316470
202885
2322084
729188
3464620
55851
2113108
2172108
2870543
2857758
1626383
1202482
2708360
3073764
2916808
1355768
3473897
3518804
1203040
4179039
743131
1383238
2137759
1884659
440275
2410983
1661243
687062
168016
1438962
1447163
1484486
1641848
3769247
2213674
912164
3825098
132479
3084273
2501337
2990237
516352
3703819
1504293
3590116
2426324
2860061
2869709
1750824
4063102
2854444
2493955
1252036
797899
184310
1692311
3208882
1845553
2379374
3376898
3284516
3826537
667080
732060
3401480
2880754
1644224
3032275
3013233
534193
1339308
1809167
1050545
848824
3313460
446357
3275148
1979218
3316066
831668
1848016
1976206
3325623
3100052
2774105
3509933
598060
1788683
1161182
2977434
971277
251394
2609667
1638357
983454
1816843
324808
2627679
654814
3338041
3161872
1994123
952904
18114
2842947
72061
464471
1923791
2051279
3780538
2755459
3899295
1562440
1886778
2805043
142242
1202407
3403103
1930925
2363589
2186233
2902203
2614984
601596
346256
3598438
2418440
671064
2031813
3073254
4009106
999382
873073
767706
1017496
3716020
839767
1481967
1445507
2891046
1068201
6662
2596037
2630642
1893440
1206777
2772884
3095847
415576
509505
1265133
2601810
3411708
3880117
3203406
3757965
3284251
1427542
234725
1121761
306493
49527
2121143
1179566
817234
3138639
701283
1657001
426302
2146790
353744
1494504
2153453
2949781
4125146
4046893
4156558
2703726
2948437
377831
3213231
19266
2979641
2430636
3899383
1988743
1994297
2989330
3416286
2229022
4111091
3722779
2278550
2037930
708041
3095784
982265
1409324
558481
1408568
3556115
912225
2903072
1515264
3862007
2833914
1367853
3824261
1343336
121986
7788
362263
141252
2987429
2792899
4040635
781869
592892
2835662
3851
2821915
2752449
3726630
906161
596076
240367
4001945
1578341
1649692
366122
2986909
1011503
1278348
1695677
2526767
946051
335287
3894620
576008
1678623
4016607
583797
2040887
4157859
3571226
639482
4004191
158791
1232375
2645549
162642
4054290
1203694
3889272
766147
1799770
4129640
573788
3378112
1585028
939910
2170717
2596531
2218258
3866395
928994
3164309
7378
629310
3740318
1686002
451613
129811
3726889
415169
3701037
172067
225056
3859829
1404442
2870605
4022471
1264428
4074299
3717440
2030575
1679766
3652776
2604363
863574
1043500
3544274
3034291
3640031
1568228
2706382
374721
538234
2713761
1004031
84248
205459
1455645
214059
3932348
1870814
3915096
4104415
2095870
3580621
1314554
772171
3408789
2578982
652166
2931925
415254
2331932
2390397
3019617
3195506
3433897
2369587
2035494
2879624
3937816
547572
3254345
281746
3261333
64072
365994
3466792
1519717
580053
3204836
3390531
300845
3114948
1292097
3881467
235198
2064268
3095952
2814180
2716435
1833573
3229434
854063
29666
2054748
4049570
3463563
230031
1890760
2148883
4167847
2438332
1208924
255289
1505362
1272996
621283
777850
2792714
1201336
3982687
1988941
1502182
2903331
3281039
